
07 07 07 07 07 07 07 07 07 07 07 07 07 07 07 07 07 07 07 07 0B 00 00 00 0A 07 07 07 07 07 07 07 
07 07 07 07 07 07 07 07 07 07 07 07 07 07 07 07 07 07 07 07 0B 00 00 00 0A 07 07 07 07 07 07 07 
07 07 07 07 07 07 0F 0F 0F 0F 0F 07 07 07 07 07 07 07 07 07 0B 00 00 00 0A 07 07 07 07 07 07 07 
07 07 07 07 07 07 00 00 00 00 00 07 07 07 07 07 07 07 07 07 0B 00 00 00 0F 0F 0F 0F 07 07 07 07 
07 07 07 07 0F 0F 00 00 00 00 00 0F 0F 0F 0F 07 07 0F 0F 0F 0F 00 00 00 00 00 00 00 07 07 07 07 
07 07 07 07 00 00 00 00 00 00 00 00 00 00 00 0F 0F 00 00 00 00 00 00 00 00 00 00 00 0A 07 07 07 
07 07 0F 0F 00 00 00 00 00 00 00 00 00 00 00 00 00 00 00 00 00 00 00 00 00 00 00 00 0F 0F 07 07 
07 0B 00 00 00 00 00 00 00 00 00 00 00 00 00 00 00 00 00 00 00 00 00 00 00 00 00 00 00 00 0A 07 
07 0B 00 00 00 00 00 00 00 00 00 00 00 00 00 00 00 00 00 00 00 00 00 00 00 02 00 00 00 00 08 07 
07 01 04 04 04 03 00 00 00 00 00 00 00 00 00 00 00 00 00 00 00 00 00 00 00 08 04 04 04 04 10 07 
07 07 07 07 07 0B 00 00 00 00 00 00 00 00 00 00 00 00 00 00 02 04 04 04 04 10 07 07 07 07 07 07 
07 07 07 07 07 0B 04 04 04 04 04 04 04 04 04 04 04 04 04 04 07 07 07 07 07 07 07 07 07 07 47 47 
07 07 07 07 07 07 07 07 07 07 07 07 07 07 07 07 07 07 07 07 07 07 07 07 07 07 07 07 07 07 07 0A 
07 07 07 07 07 07 07 07 07 07 07 07 07 07 07 07 07 07 07 07 07 07 07 07 07 07 07 07 07 07 07 0A 
07 07 07 07 07 07 07 07 07 07 07 07 07 07 07 07 07 07 07 07 07 07 07 07 07 07 07 07 07 07 07 0A 
07 07 07 07 07 07 07 07 07 07 07 07 07 07 07 07 07 07 07 07 07 07 07 07 07 07 07 07 07 07 07 0A 
07 07 07 07 07 07 07 07 07 07 07 07 07 07 07 07 07 07 07 07 07 07 07 07 07 07 07 07 07 07 07 0A 
07 07 07 07 07 07 07 07 07 07 07 07 07 07 07 07 07 07 07 07 07 07 07 07 07 07 07 07 07 07 0A 0D 
07 07 07 07 07 07 07 07 07 07 07 07 07 07 07 07 07 07 07 07 07 07 07 07 07 07 07 07 07 07 07 07 
07 07 07 07 07 07 07 07 07 0F 00 00 0F 0F 0F 0F 00 00 0F 0F 00 00 0F 0F 0F 07 07 07 07 07 07 07 
07 07 07 07 07 07 07 07 07 00 00 00 00 00 00 00 00 00 00 00 00 00 00 00 00 07 07 07 07 07 07 07 
07 07 07 07 07 07 07 07 0B 00 00 00 00 00 00 00 00 00 00 00 00 00 00 00 00 0A 07 07 07 07 07 07 
07 07 07 07 07 07 07 07 0B 00 00 00 00 00 00 00 00 00 00 00 00 00 00 00 00 0A 07 07 07 07 07 07 
07 07 07 07 07 07 07 07 0B 00 00 00 00 00 00 00 00 00 00 00 00 00 00 00 00 0A 07 07 07 07 07 07 
07 07 07 07 07 07 07 07 0B 00 00 00 00 00 00 02 04 04 04 00 00 00 00 00 00 08 07 07 07 07 07 07 
07 07 07 07 07 07 07 07 01 04 04 04 04 04 04 10 07 07 07 04 04 04 04 04 04 10 07 07 07 07 07 07 
07 07 07 07 07 07 07 07 07 07 07 07 07 07 07 07 07 07 07 07 07 07 07 07 07 07 07 07 07 07 07 07 
07 07 07 07 07 07 07 07 07 07 07 07 07 07 07 07 07 07 07 07 07 07 07 07 07 07 07 07 07 07 07 07 
07 07 07 07 07 07 07 07 07 07 07 07 07 07 07 07 07 07 07 07 07 07 07 07 07 07 07 07 07 07 07 07 
07 07 07 07 07 07 07 07 07 07 07 07 07 07 07 07 07 07 07 07 07 07 07 07 07 07 07 07 07 07 07 07 
07 07 07 07 07 07 07 07 07 07 07 07 07 07 07 07 07 07 07 07 07 07 07 07 07 07 07 07 07 07 07 07 
07 07 07 07 07 07 07 07 07 07 07 07 07 07 07 07 07 07 07 07 07 07 07 07 07 07 07 07 07 07 07 07 