
04 04 04 04 04 04 04 04 04 04 04 04 04 04 04 04 04 04 04 04 04 04 04 04 04 04 04 04 04 04 04 04 04 04 04 04 04 04 04 04 04 04 04 04 04 04 04 04 04 04 04 04 04 04 04 04 04 04 04 04 04 04 04 04 
04 04 04 04 04 04 04 04 04 04 04 04 04 04 04 04 04 04 04 04 04 04 04 04 04 04 04 04 04 04 04 04 04 04 04 04 04 04 04 04 04 04 04 04 04 04 04 04 04 04 04 04 04 04 04 04 04 04 04 04 04 04 04 04 
04 04 04 04 04 04 04 04 04 04 04 04 04 04 04 04 04 04 04 04 04 04 04 04 04 04 04 04 04 04 04 04 04 04 04 04 04 04 04 04 04 04 04 04 04 04 04 04 04 04 04 04 04 04 04 04 04 04 04 04 04 04 04 04 
04 04 04 04 04 04 04 04 04 04 04 04 04 04 04 04 04 04 04 04 04 04 04 04 04 04 04 04 04 04 04 04 04 04 04 04 04 04 04 04 04 04 04 04 04 04 04 04 04 04 04 04 04 04 04 04 04 04 04 04 04 04 04 04 
04 04 04 04 04 04 04 04 04 04 04 04 04 04 04 04 04 04 04 04 04 04 04 04 04 04 04 04 04 04 04 04 04 04 04 04 04 04 04 04 04 04 04 04 04 04 04 04 04 04 04 04 04 04 04 04 04 04 04 04 04 04 04 04 
03 03 03 03 03 03 03 03 03 03 03 03 03 03 03 03 03 03 03 03 03 03 03 03 03 03 03 03 03 03 03 03 03 03 03 03 03 03 03 03 03 03 03 03 03 03 03 03 03 03 03 03 03 03 03 03 03 03 03 03 03 03 03 03 
13 14 15 16 17 13 14 15 16 17 18 19 1A 13 14 A2 A3 00 00 00 A2 A3 13 14 15 16 17 13 14 15 16 17 13 14 13 14 15 15 15 15 15 15 15 15 15 15 15 15 15 15 15 15 15 15 15 15 15 15 15 15 15 15 15 15 
26 23 24 25 26 23 24 25 26 27 28 29 2A 2B 2C B2 B3 8B 8B 8B B2 B3 23 24 25 26 23 24 25 26 23 24 25 26 23 24 25 25 25 25 25 25 25 25 25 25 25 25 25 25 25 25 25 25 25 25 25 25 25 25 25 25 25 25 
36 33 34 35 36 33 34 35 36 37 38 39 3A 3B 3C A2 A3 81 81 81 A2 A3 33 34 35 36 33 34 35 36 33 34 35 36 33 34 35 35 35 35 35 35 35 35 35 35 35 35 35 35 35 35 35 35 35 35 35 35 35 35 35 35 35 35 
46 44 45 46 47 43 44 45 46 44 45 46 47 48 01 C2 00 50 51 52 00 C3 01 01 44 45 46 47 48 44 45 46 43 44 47 44 45 45 45 45 45 45 45 45 45 45 45 45 45 45 45 45 45 45 45 45 45 45 45 45 45 45 45 45 
56 54 55 56 57 53 54 55 01 A0 A1 00 01 01 01 D2 00 60 61 62 00 D3 01 01 01 00 A4 A5 01 57 58 54 53 54 54 58 55 55 55 55 55 55 55 55 55 55 55 55 55 55 55 55 55 55 55 55 55 55 55 55 55 55 55 55 
66 64 65 66 67 63 58 65 01 B0 B1 A0 01 A3 01 00 00 01 01 01 00 00 01 A2 01 A5 B4 B5 01 57 58 58 63 64 55 56 65 65 65 65 65 65 65 65 65 65 65 65 65 65 65 65 65 65 65 65 65 65 65 65 65 65 65 65 
76 74 75 76 77 73 69 7A 01 C0 C1 B0 01 B3 01 B2 B3 B2 B3 B2 B3 B2 01 B2 01 B5 C4 C5 01 55 56 68 73 74 65 66 68 68 68 68 68 68 68 68 68 68 68 68 68 68 68 68 68 68 68 68 68 68 68 68 68 68 68 68 
68 84 85 86 87 88 89 85 01 D0 D1 01 01 A3 A2 00 00 00 00 00 00 00 A3 A2 01 01 D4 D5 01 65 66 68 69 6A 75 76 78 78 78 78 78 78 78 78 78 78 78 78 78 78 78 78 78 78 78 78 78 78 78 78 78 78 78 78 
47 94 95 96 97 98 99 00 01 E0 E1 01 01 00 00 00 00 00 00 00 00 00 00 00 01 01 E4 E5 01 75 76 78 79 7A 67 68 69 69 69 69 69 69 69 69 69 69 69 69 69 69 69 69 69 69 69 69 69 69 69 69 69 69 69 69 
67 68 69 6A 67 68 69 00 01 F0 F1 01 01 8B 8B 8C 8E 00 00 00 8D 8B 8B 8B 01 01 F4 F5 01 00 67 68 69 6A 77 78 79 79 79 79 79 79 79 79 79 79 79 79 79 79 79 79 79 79 79 79 79 79 79 79 79 79 79 79 
77 78 79 7A 77 78 00 00 01 00 00 DB 01 B3 B2 B3 B2 00 00 00 B3 B2 B3 B2 01 CC 00 00 01 00 77 78 79 7A 67 68 69 69 69 69 69 69 69 69 69 69 69 69 69 69 69 69 69 69 69 69 69 69 69 69 69 69 69 69 
67 68 69 6A 00 67 00 00 01 00 00 DB C2 00 00 00 A2 9E 00 9D A3 00 00 00 C3 DC 00 00 01 00 00 68 69 76 77 78 79 79 79 79 79 79 79 79 79 79 79 79 79 79 79 79 79 79 79 79 79 79 79 79 79 79 79 79 
57 58 79 6A C3 C3 00 00 01 00 00 01 D2 00 00 00 B2 B3 00 B2 B3 00 00 00 D3 01 00 00 01 00 77 C2 C3 86 87 88 89 89 89 89 89 89 89 89 89 89 89 89 89 89 89 89 89 89 89 89 89 89 89 89 89 89 89 89 
67 68 69 6A D3 D3 00 00 01 00 00 01 E2 01 E3 E2 00 C3 00 C2 00 E2 E3 01 E3 01 00 00 01 00 67 D2 D3 96 97 98 99 99 99 99 99 99 99 99 99 99 99 99 99 99 99 99 99 99 99 99 99 99 99 99 99 99 99 99 
77 78 79 7A E3 E3 00 00 01 00 00 01 E2 00 E3 D3 00 D3 00 D2 00 E2 E3 00 E3 01 00 00 01 00 77 E2 E3 7A 67 55 56 56 56 56 56 56 56 56 56 56 56 56 56 56 56 56 56 56 56 56 56 56 56 56 56 56 56 56 
55 56 6A 6A E3 E3 00 DB 01 8B 8E 00 00 00 B2 01 E2 E3 00 E2 E3 01 B2 00 00 00 8D 8B 01 CC 00 E3 F2 00 77 65 66 66 66 66 66 66 66 66 66 66 66 66 66 66 66 66 66 66 66 66 66 66 66 66 66 66 66 66 
65 66 79 7A C3 C3 00 CB 01 E7 A2 00 00 00 A2 01 F2 F3 00 F2 F3 01 A2 00 00 00 A2 E7 01 DC 00 C3 C2 00 67 75 76 76 76 76 76 76 76 76 76 76 76 76 76 76 76 76 76 76 76 76 76 76 76 76 76 76 76 76 
75 76 69 6A D3 D3 00 DB 01 C2 B2 00 00 00 00 00 00 00 00 00 00 00 00 00 00 00 B2 C3 01 EC 00 D3 D2 00 77 78 79 79 79 79 79 79 79 79 79 79 79 79 79 79 79 79 79 79 79 79 79 79 79 79 79 79 79 79 
77 78 79 7A E3 E3 DB FB 01 D2 D7 8B 8B 8B 8B 8B 8B 8B 8B 8B 8B 8B 8B 8B 8B 8B D7 D3 01 FC CC E3 E2 00 67 68 69 69 69 69 69 69 69 69 69 69 69 69 69 69 69 69 69 69 69 69 69 69 69 69 69 69 69 69 
67 68 69 6A E3 E3 CB 01 01 E2 E7 E7 E7 E7 E7 E7 E7 E7 E7 E7 E7 E7 E7 E7 E7 E7 E7 E3 01 01 DC E3 F2 00 77 78 79 79 79 79 79 79 79 79 79 79 79 79 79 79 79 79 79 79 79 79 79 79 79 79 79 79 79 79 
77 78 79 7A C3 C3 DB 01 01 F2 01 00 00 00 00 00 00 00 00 00 00 00 00 00 00 00 01 F3 01 01 EC C3 C2 00 67 68 69 69 69 69 69 69 69 69 69 69 69 69 69 69 69 69 69 69 69 69 69 69 69 69 69 69 69 69 
67 68 69 6A D3 D3 FB 01 01 FB 01 00 00 00 00 00 00 00 00 00 00 00 00 00 00 00 01 01 01 01 FC D3 D2 00 77 78 79 79 79 79 79 79 79 79 79 79 79 79 79 79 79 79 79 79 79 79 79 79 79 79 79 79 79 79 
77 78 79 7A E3 E3 01 01 01 01 01 00 00 00 00 00 00 00 00 00 00 00 00 00 00 00 01 01 01 01 01 E3 E2 00 67 68 69 69 69 69 69 69 69 69 69 69 69 69 69 69 69 69 69 69 69 69 69 69 69 69 69 69 69 69 
67 68 69 6A E3 E3 A3 00 00 01 01 A2 A3 A2 A3 A2 A3 A2 A3 A2 A3 A2 A3 A2 A3 A2 A3 01 A3 A2 A3 E3 F2 00 77 78 79 79 79 79 79 79 79 79 79 79 79 79 79 79 79 79 79 79 79 79 79 79 79 79 79 79 79 79 
77 78 79 7A C3 C3 01 B2 B3 B2 B3 B2 B3 B2 B3 B2 B3 B2 B3 B2 B3 B2 B3 B2 B3 B2 B3 B2 B3 B2 B3 C3 C2 00 00 00 00 00 00 00 00 00 00 00 00 00 00 00 00 00 00 00 00 00 00 00 00 00 00 00 00 00 00 00 
00 00 00 00 D3 D3 01 01 01 01 01 01 01 01 01 01 01 01 01 01 01 01 01 01 01 01 01 01 01 01 01 D3 D2 00 00 00 00 00 00 00 00 00 00 00 00 00 00 00 00 00 00 00 00 00 00 00 00 00 00 00 00 00 00 00 