
00 00 00 00 00 00 00 00 00 00 00 00 00 00 00 00 00 00 00 00 00 00 00 00 00 00 00 00 00 00 00 00 00 00 00 00 00 00 00 00 00 00 00 00 00 00 00 00 00 00 00 00 00 00 00 00 00 00 00 00 00 00 00 00 
00 00 00 00 00 00 00 00 00 00 00 00 00 00 00 00 00 00 00 00 00 00 00 00 00 00 00 00 00 00 00 00 00 00 00 00 00 00 00 00 00 00 00 00 00 00 00 00 00 00 00 00 00 00 00 00 00 00 00 00 00 00 00 00 
00 00 00 00 00 00 00 00 00 00 00 00 00 00 00 00 00 00 00 00 00 00 00 00 00 00 00 00 00 00 00 00 00 00 00 00 00 00 00 00 00 00 00 00 00 00 00 00 00 00 00 00 00 00 00 00 00 00 00 00 00 00 00 00 
00 00 00 00 00 00 00 00 00 00 00 00 00 00 00 00 00 00 00 00 00 00 00 00 00 00 00 00 00 00 00 00 00 00 00 00 00 00 00 00 00 00 00 00 00 00 00 00 00 00 00 00 00 00 00 00 00 00 00 00 00 00 00 00 
00 00 00 00 00 00 00 00 00 00 00 00 00 00 00 20 2A 2C 2B 6D 2D 21 00 00 00 00 00 00 00 00 00 00 00 00 00 00 00 00 00 00 00 00 00 00 00 00 00 00 00 00 00 00 00 00 00 00 00 00 00 00 00 00 00 00 
00 00 00 00 00 00 00 00 00 00 00 00 00 A0 A1 30 39 3A 3B 3A 6C 31 00 00 00 00 00 00 00 00 00 00 00 00 00 00 00 00 00 00 00 00 00 00 00 00 00 00 00 00 00 00 00 00 00 00 00 00 00 00 00 00 00 00 
00 00 00 00 00 00 00 00 00 00 00 00 00 B0 B1 40 59 4A 2B 4A 6A 41 00 00 00 00 00 00 00 00 00 00 00 00 00 00 00 00 00 00 00 00 00 00 00 00 00 00 00 00 00 00 00 00 00 00 00 00 00 00 00 00 00 00 
00 00 00 00 00 00 00 00 00 00 00 00 00 C0 C1 50 59 5B 5B 5B 5C 51 00 00 00 00 00 00 00 00 00 00 00 00 00 00 00 00 00 00 00 00 00 00 00 00 00 00 00 00 00 00 00 00 00 00 00 00 00 00 00 00 00 00 
00 00 00 00 00 00 00 00 20 53 53 53 20 D0 D1 60 33 63 63 63 64 61 D4 B4 21 53 53 53 21 00 00 00 00 00 00 00 00 00 00 00 00 00 00 00 00 00 00 00 00 00 00 00 00 00 00 00 00 00 00 00 00 00 00 00 
00 00 00 00 00 00 00 00 30 63 63 63 30 E0 B0 B1 43 A9 43 37 C2 B4 B5 E5 31 63 63 63 31 00 00 00 00 00 00 00 00 00 00 00 00 00 00 00 00 00 00 00 00 00 00 00 00 00 00 00 00 00 00 00 00 00 00 00 
00 00 00 00 00 00 00 A0 70 01 01 01 70 F0 C0 C1 43 B9 DD DE 43 92 C5 F5 71 01 01 01 71 A5 00 00 00 00 00 00 00 00 00 00 00 00 00 00 00 00 00 00 00 00 00 00 00 00 00 00 00 00 00 00 00 00 00 00 
00 00 00 00 00 00 00 B0 70 D7 D7 D7 70 D6 D0 E2 E3 08 09 43 34 44 D5 D8 71 D7 D7 D7 71 B5 00 00 00 00 00 00 00 00 00 00 00 00 00 00 00 00 00 00 00 00 00 00 00 00 00 00 00 00 00 00 00 00 00 00 
00 00 00 00 00 00 00 C0 70 E7 A2 A3 93 E6 E0 B6 F3 18 19 1A 44 F3 E5 E8 71 A3 A2 E7 71 C5 00 00 00 00 00 00 00 00 00 00 00 00 00 00 00 00 00 00 00 00 00 00 00 00 00 00 00 00 00 00 00 00 00 00 
00 00 00 00 00 00 A0 CB 70 D7 B2 CB 00 F6 F0 A3 A2 A3 D7 C7 C8 71 F5 F8 71 BC B2 D7 71 BC A5 00 00 00 00 00 00 00 00 00 00 00 00 00 00 00 00 00 00 00 00 00 00 00 00 00 00 00 00 00 00 00 00 00 
00 00 00 00 A0 A1 B0 DB 70 E7 A2 DB 44 B3 B2 B3 22 B3 DF F7 F8 B2 B3 B2 71 CC A2 E7 71 CC B5 A4 A5 00 00 00 00 00 00 00 00 00 00 00 00 00 00 00 00 00 00 00 00 00 00 00 00 00 00 00 00 00 00 00 
00 00 00 00 B0 B1 C0 DB 70 D7 B2 BB 80 A3 B6 92 A2 C9 CE A2 A3 A2 A3 A2 81 BC B2 D7 71 DC C5 B4 B5 00 00 00 00 00 00 00 00 00 00 00 00 00 00 00 00 00 00 00 00 00 00 00 00 00 00 00 00 00 00 00 
00 00 00 00 C0 C1 CB CB 70 E7 A2 B0 60 63 63 63 35 68 DF B2 32 63 63 63 61 B5 A2 E7 71 CC BC C4 C5 00 00 00 00 00 00 00 00 00 00 00 00 00 00 00 00 00 00 00 00 00 00 00 00 00 00 00 00 00 00 00 
00 00 00 A0 D0 D1 DB DB 70 D7 B2 C0 C1 C2 C3 C2 80 A3 D7 A2 81 C2 C3 C2 C4 C5 B2 D7 71 DC CC D4 D5 A5 00 00 00 00 00 00 00 00 00 00 00 00 00 00 00 00 00 00 00 00 00 00 00 00 00 00 00 00 00 00 
00 00 00 B0 E0 E1 DB CB 70 E7 A2 D0 D1 D2 D3 D2 60 31 E7 30 61 D2 D3 D2 D4 D5 A2 E7 71 CC DC E4 E5 B5 00 00 00 00 00 00 00 00 00 00 00 00 00 00 00 00 00 00 00 00 00 00 00 00 00 00 00 00 00 00 
00 00 00 AB F0 F1 CB DB 70 D7 B2 E0 E1 05 22 00 C2 41 47 40 C3 00 25 05 E4 E5 B2 D7 71 DC CC F4 F5 AC 00 00 00 00 00 00 00 00 00 00 00 00 00 00 00 00 00 00 00 00 00 00 00 00 00 00 00 00 00 00 
00 00 00 BB A0 A1 DB CB 70 E7 A2 F0 F1 15 32 00 D2 41 47 40 D3 00 45 15 F4 F5 A2 E7 71 CC DC A4 A5 BC A5 00 00 00 00 00 00 00 00 00 00 00 00 00 00 00 00 00 00 00 00 00 00 00 00 00 00 00 00 00 
00 00 A0 CB B0 B1 CB A0 80 D7 B2 B3 B2 B3 82 53 53 51 47 50 53 53 83 B3 B2 B3 B2 D7 81 00 CC B4 B5 CC B5 00 00 00 00 00 00 00 00 00 00 00 00 00 00 00 00 00 00 00 00 00 00 00 00 00 00 00 00 00 
00 00 B0 DB C0 C1 DB B0 60 63 35 A3 A2 A3 92 63 63 61 57 60 63 63 93 A3 A2 A3 32 63 61 B5 DC C4 C5 DC AC 00 00 00 00 00 00 00 00 00 00 00 00 00 00 00 00 00 00 00 00 00 00 00 00 00 00 00 00 00 
00 00 AB EB D0 D1 CB C0 C1 A0 70 B3 B2 B3 B2 B3 B2 B3 B2 B3 B2 B3 B2 B3 B2 B3 71 A5 C4 C5 CC D4 D5 CC BC A5 00 00 00 00 00 00 00 00 00 00 00 00 00 00 00 00 00 00 00 00 00 00 00 00 00 00 00 00 
00 00 BB FB E0 E1 A0 D0 D1 B0 80 D7 D7 D7 D7 D7 D7 D7 D7 D7 D7 D7 D7 D7 D7 D7 81 B5 D4 D5 A5 E4 E5 DC CC B5 00 00 00 00 00 00 00 00 00 00 00 00 00 00 00 00 00 00 00 00 00 00 00 00 00 00 00 00 
00 A0 CB DB F0 F1 B0 E0 E1 C0 60 63 64 63 63 63 63 63 64 63 63 63 63 63 64 63 61 C5 E4 E5 B5 F4 F5 CC DC AC 00 00 00 00 00 00 00 00 00 00 00 00 00 00 00 00 00 00 00 00 00 00 00 00 00 00 00 00 
00 B0 DB EB A0 A1 C0 F0 F1 C0 C1 C2 C3 C2 C3 C2 C3 C2 C3 C2 C3 C2 C3 C2 C3 C3 C4 C5 F4 F5 C5 A4 A5 DC CC BC A5 00 00 00 00 00 00 00 00 00 00 00 00 00 00 00 00 00 00 00 00 00 00 00 00 00 00 00 
00 AB EB FB B0 B1 C0 C1 00 D0 D1 D2 D3 D2 D3 D2 D3 D2 D3 D2 D3 D2 D3 D2 D3 D3 D4 D5 00 C4 D5 B4 B5 CC DC CC B5 00 00 00 00 00 00 00 00 00 00 00 00 00 00 00 00 00 00 00 00 00 00 00 00 00 00 00 
A0 BB FB CB C0 C1 D0 D1 CD E0 E1 E2 E3 E2 E3 E2 E3 E2 E3 E2 E3 E2 E3 E2 E3 E3 E4 E5 CD D4 D5 C4 C5 DC CC DC AC 00 00 00 00 00 00 00 00 00 00 00 00 00 00 00 00 00 00 00 00 00 00 00 00 00 00 00 
B0 CB CB DB D0 D1 E0 A2 A3 F0 F1 F2 F3 F2 F3 F2 F3 F2 F3 F2 F3 F2 F3 F2 F3 F3 F4 F5 00 00 E5 D4 D5 CC DC CC BC 00 00 00 00 00 00 00 00 00 00 00 00 00 00 00 00 00 00 00 00 00 00 00 00 00 00 00 
AB DB DB EB E0 A0 50 53 53 53 53 53 53 53 53 53 53 53 53 53 53 53 53 53 53 53 53 53 53 53 51 A5 E5 DC CC DC CC 00 00 00 00 00 00 00 00 00 00 00 00 00 00 00 00 00 00 00 00 00 00 00 00 00 00 00 
BB EB CB FB F0 B0 60 63 63 63 63 63 63 63 63 63 63 63 63 63 63 63 63 63 63 63 63 63 63 63 61 B5 F5 CC DC CC DC 00 00 00 00 00 00 00 00 00 00 00 00 00 00 00 00 00 00 00 00 00 00 00 00 00 00 00 